2076 1 36464 959
2178 0 29959 613
2633 0 30625 3992
1564 0 32484 952
2430 0 47185 635
2923 0 29924 653
1013 0 27130 1357
3 0 28350 2147
2424 0 44927 649
1697 1 22060 242
6329 0 41461 4960
611 0 26087 1802
1 0 31382 1117
3159 0 39478 863
67 0 29869 814
1404 0 45037 1559
3757 33840 2364 789
379 0 24428 1943
2003 0 46584 913
2238 0 55950 812
1596 0 29392 762
513 0 32438 1299
1922 0 33945 633
2518 0 39373 1359
1 0 26857 2392
249 0 46792 709
1 0 24771 728
1286 0 27182 532
3088 604 41344 464
1 0 28447 552
2892 2 35014 842
4112 0 41298 590
1819 0 40688 493
18 0 29865 2367
3600 14 43058 578
539 196 27266 1499
4 0 27798 1448
2775 0 50836 639
6 0 35758 1486
2205 0 33471 824
2211 0 33718 571
0 1 44749 0
2552 0 32510 688
2788 1144 37497 571
2565 0 41693 742
0 1 38900 1099
1371 0 40688 441
616 0 29831 803
1823 0 35329 848
3480 0 52484 536
397 0 35656 2447
11363 0 38337 1800
4667 38068 1283 732
