2016 1 36464 1019
2133 0 29959 658
2671 0 30625 3954
1571 0 32484 945
2487 0 47185 578
2967 0 29924 609
1013 0 27130 1357
1413 0 28350 737
2442 0 44927 631
1712 1 22060 227
6413 0 41461 4876
640 0 26087 1773
1 0 31382 1117
3143 0 39478 879
69 0 29869 812
708 0 45037 2255
2 0 36204 4544
381 0 24428 1941
2160 4 46580 756
1846 0 55950 1204
1584 0 29392 774
440 0 32438 1372
1932 0 33945 623
2262 0 39373 1615
1 0 26857 2392
213 0 46792 745
1 0 24771 728
469 0 27182 1349
3080 608 41340 472
1 0 28447 552
2925 2 35014 809
4143 0 41298 559
1785 0 40688 527
18 0 29865 2367
3612 15 43057 566
570 209 27253 1468
9 0 27798 1443
2805 0 50836 609
2 0 35758 1490
2251 0 33471 778
2221 0 33718 561
0 1 44749 0
2577 0 32510 663
2656 1100 37541 703
1280 0 41693 2027
0 1 38900 1099
1494 0 40688 318
522 0 29831 897
1828 0 35329 843
3512 0 52484 504
399 0 35656 2445
11398 0 38337 1765
4651 38086 1265 748
