44 0 36465 2991
2026 0 29959 765
2544 0 30625 4081
158 0 32484 2358
1361 0 47185 1704
2870 1 29923 706
1452 1 27129 918
1 0 28350 2149
42 0 44927 3031
1238 0 22061 701
462 0 41461 10827
752 0 26087 1661
26 0 31382 1092
4 0 39478 4018
123 0 29869 758
8 0 45037 2955
271 0 36204 4275
289 0 24428 2033
8 0 46584 2908
164 0 55950 2886
10 0 29392 2348
2 0 32438 1810
1121 0 33945 1434
173 0 39373 3704
13 0 26857 2380
40 0 46792 918
13 0 24771 716
83 0 27182 1735
2733 1 41947 819
1 0 28447 552
2058 0 35016 1676
983 0 41298 3719
118 0 40688 2194
16 0 29865 2369
3480 0 43072 698
848 306 27156 1190
32 0 27798 1420
2675 0 50836 739
13 0 35758 1479
176 0 33471 2853
2037 0 33718 745
0 2 44748 0
2279 0 32510 961
76 0 38641 3283
110 0 41693 3197
0 2 38899 1099
180 0 40688 1632
3 0 29831 1416
1 0 35329 2670
1979 0 52484 2037
446 0 35656 2398
831 0 38337 12332
4243 156 39195 1156
