2829 546 35919 206
2367 0 29959 424
2784 0 30625 3841
2472 1298 31186 44
2776 5 47180 289
3145 1 29923 431
1985 2 27128 385
1747 0 28350 403
2873 4027 40900 200
1799 21 22040 140
6633 0 41461 4656
2208 1 26086 205
1031 2 31380 87
3598 1 39477 424
813 0 29869 68
2363 0 45037 600
4112 2346 33858 434
1987 0 24428 335
2487 1 46583 429
2765 8 55942 285
1878 0 29392 480
1452 0 32438 360
2169 0 33945 386
3598 3730 35643 279
1942 0 26857 451
842 2 46790 116
625 0 24771 104
1492 0 27182 326
3305 3781 38167 247
493 3 28444 60
3187 0 35016 547
4390 0 41298 312
2147 2614 38074 165
1903 0 29865 482
3781 0 43072 397
1888 1192 26270 150
1239 0 27798 213
2784 0 50836 630
1204 0 35758 288
2566 0 33471 463
2333 0 33718 449
0 2 44748 0
2855 0 32510 385
3054 1 38640 305
3218 3181 38512 89
14 6680 32221 1085
1674 7 40681 138
1171 0 29831 248
2251 0 35329 420
3660 0 52484 356
2787 2283 33373 57
12334 6 38331 829
4945 5590 33761 454
