2773 458 36007 262
2372 2 29957 419
4435 0 30625 2190
2445 1122 31350 83
2760 10 47175 305
3175 1522 28402 401
1952 1 27129 418
1730 2 28369 399
2854 3709 41218 219
1752 69 21992 187
10363 40614 847 926
2144 3 26084 269
942 0 31382 176
3567 1 39477 455
740 0 29869 141
2303 0 45037 660
4198 2188 34016 348
1911 0 24428 411
2479 1157 45427 437
2748 2813 53137 302
1913 0 29392 445
1376 0 32438 436
2172 0 33945 383
3572 3465 35908 305
1964 0 26857 429
821 185 46607 137
607 449 24322 122
1458 673 26509 360
3352 40840 1108 200
491 23 28424 62
3184 3972 31044 550
4335 1433 39865 367
2165 2342 38346 147
1915 0 29865 470
3707 15 43057 471
1836 1179 26283 202
1191 0 27798 261
2782 0 50836 632
1130 0 35758 362
2491 0 33471 538
2392 8 33710 390
0 1 44749 0
2824 0 32510 416
3142 2733 35908 217
3186 2889 38804 121
994 9766 29135 105
1675 2077 38611 137
1174 0 29831 245
2248 0 35329 423
3694 51270 1214 322
2778 2069 33587 66
12364 17512 20825 799
4995 38109 1242 404