2775 455 36010 260
2399 718 29241 392
4464 0 30625 2161
2764 11 47174 301
3166 1528 28396 410
1968 1 27129 402
2863 3723 41204 210
1770 34 22027 169
10403 40630 831 886
2174 3 26084 239
938 0 31382 180
3587 1 39477 435
741 0 29869 140
2332 0 45037 631
4199 2185 34019 347
1937 0 24428 385
2509 1164 45420 407
2739 1488 54462 311
1932 0 29392 426
1389 0 32438 423
2189 0 33945 366
3575 3496 35877 302
1986 0 26857 407
828 149 46643 130
616 486 24285 113
1491 676 26506 327
3351 40903 1045 201
492 19 28428 61
3149 3 35013 585
4369 1442 39856 333
2130 2352 38336 182
1943 0 29865 442
3718 0 43072 460
1885 1916 25546 153
1190 0 27798 262
2811 0 50836 603
1130 0 35758 362
2514 0 33471 515
2382 0 33718 400
0 1 44749 0
2836 0 32510 404
3140 3999 34642 219
3177 2912 38781 130
972 9840 29061 127
1647 1291 39397 165
1186 0 29831 233
2257 0 35329 414
3651 49537 2947 365
2787 2067 33589 57
12358 17522 20815 805
5036 5330 34021 363
2434 1126 31346 94
1729 0 28371 400