98 1128 35337 2937
720 1069 28890 2071
2032 0 30625 4593
933 575 46610 2132
479 2169 27755 3097
245 1123 26007 2125
200 1738 43189 2873
373 562 21499 1566
3167 0 41461 8122
161 671 25416 2252
58 80 31302 1060
538 1416 38062 3484
69 20 29849 812
283 981 44056 2680
363 315 35889 4183
192 698 23730 2130
536 1149 45435 2380
204 1891 54059 2846
347 889 28503 2011
183 104 32334 1629
530 1315 32630 2025
181 1063 38310 3696
280 1205 25652 2113
70 269 46523 888
77 189 24582 652
146 402 26780 1672
195 2766 39182 3357
250 79 28368 303
541 1708 33308 3193
454 2168 39130 4248
195 1231 39457 2117
296 984 28881 2089
386 2090 40982 3792
64 738 26724 1974
134 52 27746 1318
875 1168 49668 2539
149 59 35699 1343
309 1340 32131 2720
564 1320 32398 2218
0 176 44574 0
702 1313 31197 2538
71 2407 36234 3288
90 1197 40496 3217
17 4375 34526 1082
71 1385 39303 1741
137 486 29345 1282
414 1567 33762 2257
443 1791 50693 3573
68 1470 34186 2776
1441 7864 30473 11722
1619 1141 38210 3780
741 291 32181 1787
282 718 27653 1847