3035 1852 34613 0
2789 1680 28279 2
5751 0 30625 874
3063 1742 45443 2
3576 3028 26896 0
2370 1376 25754 0
3073 3025 41902 0
1933 704 21357 6
10298 0 41461 991
2401 691 25396 12
4020 1816 37662 2
2962 1649 43388 1
4546 3396 32808 0
2322 760 23668 0
2916 1990 44594 0
3049 2553 53397 1
2351 1070 28322 7
2532 1567 32378 23
3877 1920 37453 0
2386 1365 25492 7
729 780 23991 0
1812 1222 25960 6
3552 4442 37506 0
3702 1841 33175 32
4699 2891 38407 3
2312 1783 38905 0
2384 1241 28624 1
4178 2989 40083 0
2038 1924 25538 0
3382 1233 49603 32
3019 1359 32112 10
2781 1400 32318 1
3240 1744 30766 0
3359 3084 35557 0
3307 2519 39174 0
1812 2033 38655 0
1419 740 29091 0
2671 2301 33028 0
4016 3073 49411 0
2843 1979 33677 1
13163 12056 26281 0
5370 2919 36432 29
2107 741 27630 22