2767 541 35924 268
2392 2 29957 399
4509 0 30625 2116
2863 46263 922 202
3222 4705 25219 354
1968 1 27129 402
2913 3853 41074 160
1739 44 22017 200
10478 40778 683 811
2174 4 26083 239
1034 6 31376 84
3604 1 39477 418
791 0 29869 90
2322 0 45037 641
4225 35454 750 321
1929 0 24428 393
2493 1258 45326 423
2757 2864 53086 293
1934 0 29392 424
1466 0 32438 346
2190 0 33945 365
3593 3524 35849 284
1992 0 26857 401
836 234 46558 122
617 544 24227 112
1522 770 26412 296
3366 40960 988 186
530 74 28373 23
3187 4151 30865 547
4363 2035 39263 339
2199 2445 38243 113
1922 0 29865 463
3692 14 43058 486
1858 1337 26125 180
1257 0 27798 195
2764 0 50836 650
1219 0 35758 273
2481 0 33471 548
2472 1655 32063 310
0 2 44748 0
2835 0 32510 405
3136 2794 35847 223
3205 2977 38716 102
1045 10010 28891 54
1676 2158 38530 136
1201 1052 28779 218
2237 1940 33389 434
3659 49770 2714 357
2824 2326 33330 20
12381 17838 20499 782
4996 38312 1039 403
2475 1154 31318 53
1751 2 28369 378