2094 7 36458 941
2268 0 29959 523
2621 0 30625 4004
2442 0 47185 623
3014 1 29923 562
1109 0 27130 1261
2447 0 44927 626
1686 1 22060 253
10272 40772 689 1017
658 0 26087 1755
1 0 31382 1117
3194 0 39478 828
109 0 29869 772
1831 0 45037 1132
4017 34312 1892 529
676 0 24428 1646
2152 2 46582 764
2226 0 55950 824
1578 0 29392 780
600 0 32438 1212
1923 0 33945 632
2736 0 39373 1141
1 0 26857 2392
320 0 46792 638
1 0 24771 728
1270 0 27182 548
3128 790 41158 424
1 0 28447 552
2983 0 35016 751
4156 0 41298 546
1885 0 40688 427
16 0 29865 2369
3612 14 43058 566
616 248 27214 1422
6 0 27798 1446
2808 0 50836 606
10 0 35758 1482
2249 0 33471 780
2285 0 33718 497
0 2 44748 0
2584 0 32510 656
2870 1177 37464 489
2691 0 41693 616
0 40 38861 1099
1472 0 40688 340
647 0 29831 772
1880 0 35329 791
3481 0 52484 535
1163 16 35640 1681
11384 0 38337 1779
4711 38410 941 688
1739 1 32471 789
7 0 28371 2122