3011 742 35723 24
2695 1153 28806 96
3819 0 30625 2806
2851 136 47049 214
3494 1434 28490 82
2318 997 26133 52
3056 1714 43213 17
1854 206 21855 85
8090 0 41461 3199
2305 90 25997 108
3927 1321 38157 95
2803 24 45013 160
4393 2476 33728 153
2266 379 24049 56
2827 1427 45157 89
2942 411 55539 108
2259 829 28563 99
2413 1255 32690 142
3830 803 38570 47
2256 548 26309 137
715 649 24122 14
1742 934 26248 76
3526 2468 39480 26
3554 1071 33945 180
4659 2486 38812 43
2291 1271 39417 21
2292 938 28927 93
4065 988 42084 113
1993 1232 26230 45
3134 101 50735 280
2809 15 33456 220
2597 199 33519 185
3145 1242 31268 95
3335 606 38035 24
3279 1624 40069 28
1792 879 39809 20
1365 102 29729 54
2607 1435 33894 64
3878 754 51730 138
2820 795 34861 24
12978 7124 31213 185
5016 2294 37057 383
2030 460 27911 99
